x_bisect = 5.0000000000
bisection_iterations = 0
x = 1.0000000000
integral = 1.3333333333
Phi(x) = integral - b = 4.2463810246e-12
iterations = 8
