{
  "cells": [
    {
      "cell_type": "code",
      "execution_count": null,
      "id": "a8735953",
      "metadata": {
        "vscode": {
          "languageId": "plaintext"
        }
      },
      "outputs": [],
      "source": [
        "3\n",
        "4.2 -1.1 0.5\n",
        "-1.1 2.0 1.3\n",
        "0.5 1.3 3.7"
      ]
    },
    {
      "cell_type": "code",
      "execution_count": null,
      "id": "2f207cf0",
      "metadata": {
        "vscode": {
          "languageId": "plaintext"
        }
      },
      "outputs": [],
      "source": [
        "Eigenvalues:\n",
        "0.861315067631 4.379300149449 4.659384782920\n",
        "\n",
        "\n",
        "Eigenvectors (columns):\n",
        "0.339754726021 0.273566572498 0.899848907627  \n",
        "0.831022852395 0.360707120011 -0.423428143102  \n",
        "-0.440417693723 0.891656718690 -0.104788124664  \n"
      ]
    },
    {
      "cell_type": "code",
      "execution_count": null,
      "id": "79fc6c3e",
      "metadata": {
        "vscode": {
          "languageId": "plaintext"
        }
      },
      "outputs": [],
      "source": [
        "4\n",
        "5 2 0 1\n",
        "2 4 1 0\n",
        "0 1 3 2\n",
        "1 0 2 6"
      ]
    },
    {
      "cell_type": "code",
      "execution_count": null,
      "id": "18fbae8a",
      "metadata": {
        "vscode": {
          "languageId": "plaintext"
        }
      },
      "outputs": [],
      "source": [
        "Eigenvalues:\n",
        "1.208712152522 3.208712152522 5.791287847478 7.791287847478\n",
        "\n",
        "\n",
        "eigenvectors:\n",
        "0.364147423129 -0.520695741864 0.581364678599 0.508220138435  \n",
        "-0.508220138435 0.581364678599 0.520695741864 0.364147423129  \n",
        "0.690293849999 0.581364678599 -0.230013402564 0.364147423129  \n",
        "-0.364147423129 -0.230013402564 -0.581364678599 0.690293849999  \n"
      ]
    }
  ],
  "metadata": {
    "kernelspec": {
      "display_name": "Python 3",
      "language": "python",
      "name": "python3"
    },
    "language_info": {
      "name": "python"
    }
  },
  "nbformat": 4,
  "nbformat_minor": 5
}
