x = 1.0000000033
integral = 0.7853981634
Phi(x) = integral - b = 2.9976021665e-15
iterations = 2
