x_bisect = 25.0000000000
bisection_iterations = 0
x = 0.9999999987
integral = 1.3333333333
Phi(x) = integral - b = 7.4562578334e-13
iterations = 12
